0.465394179  1.044960256
0.483253622  0.946567979
0.501113065  0.848175701
0.518972508  0.749783424
0.536831951  0.651391146
0.554691394  0.552998868
0.572550837  0.454606591
0.59041028  0.356214313
0.608269723  0.257822035
0.626129166  0.159429758
0.643988609  0.06103748
0.661848052  -0.037354798
0.679707495  -0.135747075
0.697566938  -0.234139353
0.715426381  -0.33253163
0.733285824  -0.430923908
0.751145266  -0.529316186
-0.53638804  0.964758104
-0.518528597  0.866365827
-0.197058624  -0.90469517
-0.23277751  -0.707910615
-0.250636953  -0.609518338
-0.268496396  -0.51112606
-0.286355839  -0.412733782
-0.500669154  0.767973549
-0.482809711  0.669581272
-0.563342546  0.553329551
-0.760127101  0.517610665
-0.956911656  0.481891779
-0.304215282  -0.314341505
-0.322074725  -0.215949227
-0.339934168  -0.117556949
