0.434601292 0.990515884
0.45196611 0.892035109
0.469330927 0.793554334
0.486695745 0.695073558
0.504060563 0.596592783
0.521425381 0.498112008
0.538790199 0.399631233
0.556155016 0.301150457
0.573519834 0.202669682
0.590884652 0.104188907
0.60824947 0.005708131
0.625614287 -0.092772644
0.642979105 -0.191253419
0.660343923 -0.289734195
0.677708741 -0.38821497
0.695073558 -0.486695745
0.712438376 -0.585176521
-0.567571279 0.915348482
-0.550206461 0.816867707
-0.237639741 -0.955786249
-0.272369377 -0.758824698
-0.289734195 -0.660343923
-0.307099012 -0.561863148
-0.32446383 -0.463382372
-0.532841643 0.718386931
-0.515476826 0.619906156
-0.596592783 0.504060563
-0.793554334 0.469330927
-0.990515884 0.434601292
-0.341828648 -0.364901597
-0.359193466 -0.266420822
-0.376558283 -0.167940046
