-35.004 152.09
-34.9162 152.138
-34.8284 152.186
-34.7407 152.234
-34.6529 152.282
-34.5652 152.33
-34.4774 152.378
-34.5413 151.243
-34.4511 151.287
-34.3634 151.335
-34.2732 151.378
-34.1855 151.426
-34.0953 151.47
-34.0075 151.518
-33.8296 151.609
-33.7395 151.653
-34.3345 153.367
-34.2386 153.192
-34.1427 153.016
-34.0468 152.841
-33.9509 152.665
-33.4243 152.953
-33.8631 152.713
-33.5121 152.905
-33.5999 152.857
-33.7754 152.761
-33.6876 152.809
-33.6493 151.696
-33.5592 151.74
-33.4714 151.788
-33.3813 151.831
-33.2911 151.875
-33.201 151.918
-33.1108 151.962
-33.0207 152.005
-32.9305 152.049
