352.392 -1122.2
352.472 -1122.14
352.552 -1122.08
352.632 -1122.02
352.712 -1121.96
352.792 -1121.9
352.872 -1121.84
352.972 -1122.97
353.055 -1122.91
353.135 -1122.85
353.218 -1122.8
353.298 -1122.74
353.381 -1122.68
353.46 -1122.62
353.623 -1122.5
353.706 -1122.45
352.871 -1120.84
352.991 -1121
353.112 -1121.16
353.232 -1121.32
353.352 -1121.48
353.832 -1121.12
353.432 -1121.42
353.752 -1121.18
353.672 -1121.24
353.512 -1121.36
353.592 -1121.3
353.789 -1122.39
353.872 -1122.34
353.952 -1122.28
354.035 -1122.22
354.118 -1122.16
354.201 -1122.11
354.284 -1122.05
354.367 -1122
354.45 -1121.94
