-6.83351 -47.1032 0.231202 -0.0887787 -0.0887787 0.0880132
-5.55858 -47.4615 0.135739 -0.0409425 -0.0409425 0.036791
-7.83417 -42.7131 0.0173296 0.00136493 0.00136493 0.0031809
-4.82681 -42.0533 0.0354789 -0.0216174 -0.0216174 0.0339954
-10.7643 -39.8222 0.0843764 -0.00446653 -0.00446653 0.0014643
-9.55003 -39.8211 0.351778 0.0286965 0.0286965 0.00323526
-7.06906 -40.1184 0.34462 -0.0936799 -0.0936799 0.168217
-5.49438 -41.1811 0.0705018 -0.0559981 -0.0559981 0.0756973
-10.4142 -38.5885 0.0932328 0.0285834 0.0285834 0.360454
-9.20828 -38.6942 0.262473 -0.0996603 -0.0996603 0.100095
-7.40563 -39.5832 0.0324778 -0.00781263 -0.00781263 0.00239697
-13.2599 -36.7235 0.0859622 -0.21791 -0.21791 0.585344
-11.2333 -36.9543 0.219457 0.116088 0.116088 0.384379
-8.2974 -37.2784 0.00847676 0.000253257 0.000253257 1.57637e-05
-13.4192 -34.5707 0.0425374 0.0476528 0.0476528 0.438012
-13.182 -32.6013 0.127795 -0.028085 -0.028085 0.289746
-9.37526 -32.4632 0.0460205 -0.000736925 -0.000736925 0.0187579
-3.3429 -32.6869 0.0239914 0.00495781 0.00495781 0.317795
-12.9768 -30.4032 0.14221 0.0640121 0.0640121 0.320252
-9.4086 -31.4498 0.0535437 -0.00858052 -0.00858052 0.00902507
-13.1113 -28.7356 0.0805398 -0.0167221 -0.0167221 0.379828
-9.36689 -28.5805 0.0203251 -0.00253537 -0.00253537 0.00250993
-2.46047 -28.9064 0.0282537 0.00786098 0.00786098 0.244411
1.53902 -29.0681 0.0456539 0.0246107 0.0246107 0.0134296
7.3664 -28.2249 0.154191 0.0331865 0.0331865 0.0494537
-13.1132 -26.7677 0.0580034 0.0205171 0.0205171 0.270052
-9.11951 -26.2282 0.201666 -0.0450828 -0.0450828 0.293531
3.65886 -25.9523 0.021391 -0.0067464 -0.0067464 0.00398142
4.28563 -26.3124 0.0365108 -0.0205126 -0.0205126 0.0139731
7.51471 -26.7706 0.150218 0.070891 0.070891 0.206464
8.01099 -26.6039 0.00030933 0.00707205 0.00707205 0.293279
-13.0389 -24.7745 0.0600104 0.0102823 0.0102823 0.364346
-9.22187 -25.2183 0.128756 0.0487427 0.0487427 0.180854
7.79767 -24.7087 0.0158989 0.0258819 0.0258819 0.368597
8.03489 -24.5157 0.000742384 0.00400457 0.00400457 0.378249
-13.0093 -22.65 0.0566934 -0.0133631 -0.0133631 0.327222
1.20822 -21.8677 0.0261285 0.0174103 0.0174103 0.0175041
3.62602 -23.3018 0.0510993 -0.0347929 -0.0347929 0.0417198
4.32546 -23.3818 0.0281213 -0.00461723 -0.00461723 0.00362554
7.74794 -22.9326 0.0559457 0.0102048 0.0102048 0.215297
8.10854 -23.0364 0.000210054 0.00273966 0.00273966 0.106754
-12.9489 -20.7163 0.0753286 0.0264535 0.0264535 0.372089
1.48015 -20.6284 0.0753669 -0.0445174 -0.0445174 0.467707
3.28413 -20.7691 0.0840194 -0.0414278 -0.0414278 0.041184
-12.8754 -18.7974 0.0849814 0.0181917 0.0181917 0.290169
-2.12939 -18.1021 0.00435246 -0.00587985 -0.00587985 0.0147507
-0.825254 -18.6245 0.421504 -0.180161 -0.180161 0.253015
0.757291 -18.9988 0.152516 0.00580863 0.00580863 0.0983368
7.637 -18.5056 0.000127496 0.00214869 0.00214869 0.246329
-12.8374 -16.6239 0.088086 0.00708352 0.00708352 0.357992
-0.949594 -16.5163 0.416328 0.0974105 0.0974105 0.293366
0.534034 -16.2859 0.271966 -0.00596321 -0.00596321 0.157218
7.61125 -16.6437 0.00146069 -0.0191715 -0.0191715 0.35936
-12.8298 -14.5556 0.0828448 0.0219428 0.0219428 0.325679
-11.9051 -14.5358 0.00344238 -0.000346317 -0.000346317 0.162651
-0.38594 -15.2784 0.206998 0.0783131 0.0783131 0.0814719
0.525067 -14.6891 0.105124 -0.0350151 -0.0350151 0.262775
5.14725 -13.8854 0.075984 0.00451842 0.00451842 0.0111508
7.17964 -14.1125 0.307169 -0.081322 -0.081322 0.216322
-12.8185 -12.5711 0.0909556 0.0112903 0.0112903 0.300271
-11.9036 -13.1298 0.00703068 -0.0200253 -0.0200253 0.294557
-2.2158 -11.7921 0.00734062 -0.00345219 -0.00345219 0.00301118
-0.982373 -12.1819 0.465018 -0.205041 -0.205041 0.417016
0.629991 -12.5793 0.127486 0.151724 0.151724 0.534914
2.28185 -12.5297 0.0203276 0.00867928 0.00867928 0.105685
5.06021 -12.6692 0.00614745 0.00139153 0.00139153 0.321361
7.36832 -12.5008 0.307306 -0.0228204 -0.0228204 0.211335
8.04925 -11.8692 0.000557829 0.00263747 0.00263747 0.0135802
-12.7069 -11.0269 0.144065 0.063942 0.063942 0.204551
-11.9775 -10.2818 0.000989684 0.000842306 0.000842306 0.467483
-2.21213 -11.5182 0.00846811 -0.00142006 -0.00142006 0.0102016
-0.600761 -11.2318 0.106644 0.0241713 0.0241713 0.1225
1.58223 -10.9851 0.188315 0.198849 0.198849 0.237805
2.62784 -10.7942 0.132814 -0.00664529 -0.00664529 0.0602967
5.21696 -10.6911 0.092548 0.0363364 0.0363364 0.310243
6.87035 -10.5496 0.327399 -0.0892362 -0.0892362 0.279446
8.04824 -10.3657 0.00134331 -0.000349283 -0.000349283 0.215793
-45.1582 -7.84658 0.00495997 0.0033981 0.0033981 0.00778221
-42.3238 -8.41603 0.0271646 -0.0654741 -0.0654741 0.200284
-41.8334 -9.36708 0.0130526 -0.0193114 -0.0193114 0.0478262
-33.3058 -7.86646 0.0604361 -0.0154508 -0.0154508 0.00693188
-22.7382 -9.00542 0.433688 0.0666973 0.0666973 0.0477217
-21.6438 -9.1919 0.0850908 -0.0229849 -0.0229849 0.015789
-18.8935 -8.57983 0.173648 -0.0437461 -0.0437461 0.264943
-16.9902 -9.18588 0.342008 -0.0212998 -0.0212998 0.0297052
-14.9412 -9.28152 0.308657 -0.0165957 -0.0165957 0.0363538
-12.8755 -9.32946 0.331221 -0.0276466 -0.0276466 0.0566841
-11.7004 -9.18422 0.100015 0.0695129 0.0695129 0.119033
-0.448837 -9.31082 0.0133885 0.00175307 0.00175307 0.00387619
1.02573 -8.27166 0.0425551 0.00362863 0.00362863 0.00714236
5.27558 -9.1974 0.0969556 -0.0212224 -0.0212224 0.111817
6.68508 -9.27086 0.16666 0.00662398 0.00662398 0.036382
8.53253 -8.46566 0.367819 0.165729 0.165729 0.243217
10.929 -8.17104 0.330362 -0.0108602 -0.0108602 0.00132363
13 -8.18707 0.319228 0.0121381 0.0121381 0.0232713
14.9658 -8.19465 0.336059 -0.00734708 -0.00734708 0.0365979
16.9269 -8.24986 0.341329 -0.00809841 -0.00809841 0.0338753
18.9453 -8.2963 0.326036 -0.0170249 -0.0170249 0.0321583
20.9293 -8.32963 0.364292 -0.0165106 -0.0165106 0.029403
22.9008 -8.3899 0.337701 -0.00996008 -0.00996008 0.0217896
24.9112 -8.45268 0.340744 -0.0146874 -0.0146874 0.0239329
26.98 -8.4544 0.32763 -0.0491285 -0.0491285 0.0339503
28.8386 -8.53285 0.281124 -0.0161337 -0.0161337 0.0243319
30.9961 -8.60954 0.336835 -0.000902381 -0.000902381 0.0253621
32.7041 -8.74813 0.241737 -0.00412427 -0.00412427 0.000271423
-45.1443 -6.6408 0.0052075 0.00656437 0.00656437 0.343667
-34.2653 -6.55456 0.0259002 -0.0719202 -0.0719202 0.306787
-32.7839 -6.86468 0.567679 0.088928 0.088928 0.255871
-31.8885 -6.54526 0.0073091 -0.0246587 -0.0246587 0.551205
-19.1305 -7.48872 0.0176623 -0.00507136 -0.00507136 0.0187217
-8.98588 -7.49208 0.00623704 0.000355367 0.000355367 0.00353576
12.4626 -7.66618 0.0789773 -0.00322129 -0.00322129 0.000171911
-45.1343 -4.80614 0.0267191 -0.0230277 -0.0230277 0.215195
-38.839 -4.61302 0.0609283 -0.120571 -0.120571 0.265087
-34.463 -5.28526 0.0211815 0.00995322 0.00995322 0.0484738
-32.8111 -4.6928 0.262739 -0.275612 -0.275612 0.347843
-12.0903 -3.92496 0.00455479 0.00224601 0.00224601 0.0181765
-11.8684 -3.81998 0.00645879 0.000741189 0.000741189 0.00710874
17.1489 -4.16263 0.311508 0.0129921 0.0129921 0.0457107
18.4279 -4.15526 0.0723696 0.0143281 0.0143281 0.0415666
23.2795 -4.39044 0.260472 -0.0635386 -0.0635386 0.0329713
25.2783 -4.42199 0.155584 -0.0425299 -0.0425299 0.0158778
37.6314 -4.73128 0.11593 0.0145632 0.0145632 0.174849
38.7693 -4.78408 0.212322 0.0393855 0.0393855 0.375263
43.0572 -4.34976 0.242652 -0.0596396 -0.0596396 0.239019
-50.4354 -2.05653 0.070823 -0.0367569 -0.0367569 0.0246452
-49.0046 -3.02327 0.234753 -0.182611 -0.182611 0.148838
-41.148 -1.97197 0.189085 -0.0502107 -0.0502107 0.0358481
-39.5721 -2.98605 0.0633625 -0.0995937 -0.0995937 0.169207
-34.2314 -2.89603 0.0223048 -0.038713 -0.038713 0.17262
-33.9598 -3.29672 0.00175936 0.00201781 0.00201781 0.0737327
-11.8604 -3.23565 0.0065242 0.00231523 0.00231523 0.0691716
8.14534 -3.07536 0.00148916 2.51714e-05 2.51714e-05 0.00183801
73.6168 -2.49441 0.0663556 0.0643707 0.0643707 0.438984
74.549 -3.01501 0.0778013 0.0679944 0.0679944 0.0873188
-50.9484 -0.738032 0.327429 -0.300556 -0.300556 0.329535
-42.6614 -0.56587 0.186149 -0.180863 -0.180863 0.22106
-41.9062 -1.4734 0.00568866 -0.0106666 -0.0106666 0.0304266
-3.64578 -1.17642 0.00826082 -0.00229379 -0.00229379 0.01886
-19.1426 0.336427 3208.26 -10.8001 -10.8001 0.0440704
-29.2296 0.521915 0.222701 -0.0152106 -0.0152106 0.00844135
-24.7498 1.44971 0.00861265 0.0151745 0.0151745 0.254632
-23.6932 1.41882 0.00507345 0.0115556 0.0115556 0.264422
-4.85695 1.98996 0.0131321 0.00610182 0.00610182 0.0172825
29.2622 1.87359 0.267627 -0.0348929 -0.0348929 0.0776576
35.1787 1.82588 0.304982 -0.00843179 -0.00843179 0.0120823
68.3274 1.30027 0.0742463 -0.0841988 -0.0841988 0.230076
-24.7734 2.93066 0.0484879 -0.0306717 -0.0306717 0.128398
-23.3941 3.05707 0.275317 0.0895831 0.0895831 0.134579
-20.8428 3.33061 0.257604 -0.0192696 -0.0192696 0.00836506
-18.9196 3.37043 0.2358 0.0235008 0.0235008 0.0163494
-17.0315 3.41221 0.333069 0.0203963 0.0203963 0.0115401
-14.9435 3.38253 0.334628 0.000890055 0.000890055 0.00602133
-13.2127 3.75829 0.0309826 0.020642 0.020642 0.0989983
1.34683 3.03117 0.00108546 -0.000386047 -0.000386047 0.00210745
4.26342 4.223 0.0131919 -0.00149518 -0.00149518 0.0026229
29.1301 3.24227 0.348353 0.120975 0.120975 0.351854
-13.1546 5.27973 0.00833039 0.00483809 0.00483809 0.433147
2.60806 5.90873 0.0290491 -0.00796142 -0.00796142 0.01011
4.11129 4.42259 0.00570214 -0.00192385 -0.00192385 0.00756692
11.0608 6.16024 0.0148641 -0.000837799 -0.000837799 0.00695192
15.3202 5.91358 0.232491 0.0389015 0.0389015 0.080758
16.5388 5.68211 0.14503 -0.0409951 -0.0409951 0.103364
29.4957 4.87547 0.119764 0.100373 0.100373 0.228856
30.9152 5.6126 0.283455 -0.0837215 -0.0837215 0.123126
32.5591 5.0116 0.128818 -0.0280359 -0.0280359 0.0290981
-12.9603 7.26563 0.104614 0.0565982 0.0565982 0.324361
10.9774 6.6023 0.0253026 -0.0227157 -0.0227157 0.0467621
15.2674 6.8747 0.117159 0.0244699 0.0244699 0.185281
16.198 6.51048 0.0108498 -0.00168402 -0.00168402 0.0150794
29.074 7.59852 0.274607 0.0278745 0.0278745 0.199247
30.7345 7.10847 0.453428 0.0916515 0.0916515 0.253966
32.9097 7.33382 0.169226 0.0754924 0.0754924 0.190705
-12.9087 9.20413 0.0995977 0.0167262 0.0167262 0.30613
29.5249 8.70538 0.13963 0.0203082 0.0203082 0.0582749
-12.8602 11.2656 0.10008 0.00796446 0.00796446 0.335517
1.84901 12.2185 0.00947974 0.00152816 0.00152816 0.00144943
22.926 11.4552 0.366543 0.186518 0.186518 0.303125
24.4007 11.9668 0.0761594 -0.0193852 -0.0193852 0.0859632
32.5609 11.632 0.164911 0.0168068 0.0168068 0.112428
35.5234 11.4903 0.0315359 -0.0692887 -0.0692887 0.155891
-12.8131 13.2271 0.0897582 0.0147442 0.0147442 0.343707
14.9561 13.4135 0.0268054 -0.0251929 -0.0251929 0.0688835
19.3743 13.2936 0.221425 -0.15238 -0.15238 0.306875
20.9072 13.1414 0.392515 0.0121446 0.0121446 0.194876
23.1179 13.392 0.487671 0.163204 0.163204 0.46649
24.3291 12.7403 0.0251847 -0.0814718 -0.0814718 0.387131
28.6093 12.5112 0.140557 -0.0119806 -0.0119806 0.00512494
36.1867 13.1271 0.000989599 -0.00452347 -0.00452347 0.231188
-12.7833 15.1051 0.0831031 0.0214448 0.0214448 0.385111
-11.2929 15.2409 0.185312 -0.0614152 -0.0614152 0.222159
-8.56052 15.5428 0.221976 0.0820245 0.0820245 0.093904
-7.50272 15.2302 0.123334 -0.0892508 -0.0892508 0.308932
-0.443535 15.9539 0.062869 0.0172463 0.0172463 0.0218717
0.793306 15.1559 0.111154 -0.132831 -0.132831 0.180645
11.3018 15.3706 0.411018 -0.317691 -0.317691 0.353442
12.7437 15.215 0.385445 0.171119 0.171119 0.214504
29.4223 15.5799 0.207331 0.0849856 0.0849856 0.0476497
31.0202 15.5756 0.503608 -0.219782 -0.219782 0.138106
32.7444 15.6234 0.418401 -0.029366 -0.029366 0.163637
43.6005 14.927 0.0784735 -0.119826 -0.119826 0.201302
-13.1319 16.8834 0.00979972 -0.00462271 -0.00462271 0.439193
-10.608 17.898 0.153645 -0.0815683 -0.0815683 0.136632
-0.489899 17.0571 0.0562119 0.0131626 0.0131626 0.0272993
9.62495 17.522 0.0260866 -0.0312382 -0.0312382 0.106719
10.2356 17.5543 0.0613496 0.0233567 0.0233567 0.280033
13.3429 16.5647 0.177574 -0.0589015 -0.0589015 0.0657116
20.9987 17.5599 0.220903 0.0109209 0.0109209 0.13496
23.1699 17.3936 0.349269 -0.115335 -0.115335 0.36965
24.4894 17.4363 0.355142 -0.0565875 -0.0565875 0.270977
27.0385 17.7096 0.329275 0.0150013 0.0150013 0.0846281
-10.7367 18.7408 0.0802784 -0.00193817 -0.00193817 0.162544
-9.44443 18.7766 0.016321 0.00724628 0.00724628 0.0117321
-5.21587 19.9372 0.102578 -0.0543111 -0.0543111 0.191375
-3.56375 19.6474 0.26044 0.143013 0.143013 0.0930158
5.03486 19.811 0.112055 -0.015141 -0.015141 0.0735531
9.93601 18.7401 0.000194369 -0.00288319 -0.00288319 0.0747527
10.4634 18.9344 0.253748 0.0505562 0.0505562 0.121854
21.2642 18.8365 0.205116 -0.00557457 -0.00557457 0.0502312
23.3752 18.7878 0.0664918 -0.0603469 -0.0603469 0.31294
-14.702 21.5112 0.196839 -0.020171 -0.020171 0.142206
-13.7804 20.8152 0.00583034 0.0146171 0.0146171 0.051173
-10.1675 21.2277 0.00512264 0.00264741 0.00264741 0.0419866
-4.40838 20.4574 0.195176 -0.00154765 -0.00154765 0.0130239
-2.86756 21.0167 0.708993 0.401583 0.401583 0.430357
-1.93228 21.4851 0.00184224 0.00655375 0.00655375 0.182451
5.42676 20.9958 0.167393 0.0210467 0.0210467 0.155047
7.14892 21.5628 0.450976 0.185419 0.185419 0.221453
8.49273 21.6731 0.105635 0.0476181 0.0476181 0.188287
13.4019 21.4918 0.226368 0.00519715 0.00519715 0.299112
14.8459 21.2877 0.277653 0.0582479 0.0582479 0.19075
16.3996 21.8553 0.0828777 0.079148 0.079148 0.0961232
28.8853 21.3388 0.29271 0.218825 0.218825 0.198038
7.52288 23.0607 0.0772499 0.0121189 0.0121189 0.270423
8.61483 22.8833 0.267294 0.0949844 0.0949844 0.170404
-10.1893 25.4386 0.0131314 0.00474044 0.00474044 0.16181
-4.9615 25.7542 0.473593 -0.0198096 -0.0198096 0.128954
-3.10501 25.4207 0.216678 -0.0208129 -0.0208129 0.228625
-1.67099 25.3776 0.036051 -0.0220681 -0.0220681 0.202758
7.18919 25.0615 0.355859 -0.0503112 -0.0503112 0.224799
-4.38364 26.7996 0.140443 0.0230658 0.0230658 0.043723
-2.88167 27.0853 0.440126 -0.188425 -0.188425 0.23975
-1.72058 26.5107 0.0401547 0.0223305 0.0223305 0.0161333
1.11751 31.7593 0.0689418 -0.0026648 -0.0026648 0.216837
0.939467 32.7758 0.0625782 0.0372535 0.0372535 0.0471737
7.28135 35.9642 0.171972 -0.0789337 -0.0789337 0.0365849
-18.9886 46.7604 0.0207618 0.0350789 0.0350789 0.077072
