-6.83351 -47.1032 7.05961 7.12101 7.12101 18.5449
-5.55858 -47.4615 11.0894 12.3407 12.3407 40.9138
-7.83417 -42.7131 59.723 -25.6272 -25.6272 325.373
-4.82681 -42.0533 46.014 29.26 29.26 48.022
-10.7643 -39.8222 14.1338 43.1123 43.1123 814.426
-9.55003 -39.8211 10.2836 -91.2151 -91.2151 1118.16
-7.06906 -40.1184 3.41939 1.90425 1.90425 7.00517
-5.49438 -41.1811 34.3921 25.4421 25.4421 32.0316
-10.4142 -38.5885 10.9931 -0.871733 -0.871733 2.8434
-9.20828 -38.6942 6.12573 6.0991 6.0991 16.063
-7.40563 -39.5832 142.582 464.73 464.73 1931.92
-13.2599 -36.7235 206.63 76.9236 76.9236 30.3452
-11.2333 -36.9543 5.4231 -1.63785 -1.63785 3.09625
-8.2974 -37.2784 226.861 -3644.72 -3644.72 121993
-13.4192 -34.5707 26.7715 -2.91257 -2.91257 2.59991
-13.182 -32.6013 7.99534 0.774987 0.774987 3.52642
-9.37526 -32.4632 21.7431 0.854201 0.854201 53.3444
-3.3429 -32.6869 41.8163 -0.652363 -0.652363 3.15686
-12.9768 -30.4032 7.72705 -1.54448 -1.54448 3.43125
-9.4086 -31.4498 22.0333 20.948 20.948 130.719
-13.1113 -28.7356 12.5308 0.551673 0.551673 2.65706
-9.36689 -28.5805 56.2934 56.8641 56.8641 455.859
-2.46047 -28.9064 35.7132 -1.14864 -1.14864 4.12842
1.53902 -29.0681 1808.45 -3314.11 -3314.11 6147.8
7.3664 -28.2249 7.58032 -5.08687 -5.08687 23.6346
-13.1132 -26.7677 17.7165 -1.346 -1.346 3.80526
-9.11951 -26.2282 5.135 0.788673 0.788673 3.52792
3.65886 -25.9523 100.407 170.137 170.137 539.46
4.28563 -26.3124 156.297 229.445 229.445 408.394
7.51471 -26.7706 7.94427 -2.72772 -2.72772 5.78004
8.01099 -26.6039 7204.8 -173.735 -173.735 7.59913
-13.0389 -24.7745 16.7447 -0.472556 -0.472556 2.75798
-9.22187 -25.2183 8.64908 -2.33105 -2.33105 6.15758
7.79767 -24.7087 71.0147 -4.98646 -4.98646 3.06312
8.03489 -24.5157 1428.6 -15.1247 -15.1247 2.80389
-13.0093 -22.65 17.8102 0.72733 0.72733 3.08573
1.20822 -21.8677 113.487 -112.879 -112.879 169.403
3.62602 -23.3018 45.2834 37.7648 37.7648 55.464
4.32546 -23.3818 44.9617 57.26 57.26 348.743
7.74794 -22.9326 18.0304 -0.854613 -0.854613 4.68525
8.10854 -23.0364 7155.86 -183.643 -183.643 14.0802
-12.9489 -20.7163 13.6151 -0.967959 -0.967959 2.75635
1.48015 -20.6284 14.0588 1.33815 1.33815 2.26546
3.28413 -20.7691 23.6148 23.7546 23.7546 48.1765
-12.8754 -18.7974 11.9273 -0.747766 -0.747766 3.49315
-2.12939 -18.1021 497.844 198.449 198.449 146.898
-0.825254 -18.6245 3.41041 2.42841 2.42841 5.6815
0.757291 -18.9988 6.57148 -0.388169 -0.388169 10.1921
7.637 -18.5056 9195.13 -80.2078 -80.2078 4.75926
-12.8374 -16.6239 11.3706 -0.224988 -0.224988 2.79781
-0.949594 -16.5163 2.60428 -0.864734 -0.864734 3.69584
0.534034 -16.2859 3.67999 0.139581 0.139581 6.3659
7.61125 -16.6437 2283.55 121.825 121.825 9.28195
-12.8298 -14.5556 12.2901 -0.828051 -0.828051 3.1263
-11.9051 -14.5358 290.559 0.61866 0.61866 6.14944
-0.38594 -15.2784 7.59181 -7.29746 -7.29746 19.2887
0.525067 -14.6891 9.95434 1.32643 1.32643 3.98228
5.14725 -13.8854 13.4856 -5.46452 -5.46452 91.894
7.17964 -14.1125 3.61536 1.35912 1.35912 5.13367
-12.8185 -12.5711 11.0459 -0.415331 -0.415331 3.34594
-11.9036 -13.1298 176.39 11.9918 11.9918 4.21019
-2.2158 -11.7921 295.611 338.905 338.905 720.637
-0.982373 -12.1819 2.74573 1.35003 1.35003 3.06178
0.629991 -12.5793 11.8413 -3.35867 -3.35867 2.82212
2.28185 -12.5297 50.9819 -4.18685 -4.18685 9.80594
5.06021 -12.6692 162.829 -0.705068 -0.705068 3.11482
7.36832 -12.5008 3.28039 0.354223 0.354223 4.77007
8.04925 -11.8692 21932.7 -4259.65 -4259.65 900.924
-12.7069 -11.0269 8.05953 -2.51939 -2.51939 5.67632
-11.9775 -10.2818 1011.98 -1.82337 -1.82337 2.1424
-2.21213 -11.5182 120.913 16.831 16.831 100.367
-0.600761 -11.2318 9.81603 -1.93687 -1.93687 8.54545
1.58223 -10.9851 45.3695 -37.9372 -37.9372 35.9275
2.62784 -10.7942 7.57106 0.834406 0.834406 16.6766
5.21696 -10.6911 11.326 -1.32653 -1.32653 3.37864
6.87035 -10.5496 3.34556 1.06835 1.06835 3.91966
8.04824 -10.3657 744.744 1.20544 1.20544 4.63601
-45.1582 -7.84658 287.671 -125.612 -125.612 183.346
-42.3238 -8.41603 173.591 56.7482 56.7482 23.5443
-41.8334 -9.36708 190.294 76.8374 76.8374 51.9347
-33.3058 -7.86646 38.4658 85.7381 85.7381 335.366
-22.7382 -9.00542 2.93711 -4.105 -4.105 26.6921
-21.6438 -9.1919 19.3684 28.1955 28.1955 104.381
-18.8935 -8.57983 6.00873 0.992131 0.992131 3.93821
-16.9902 -9.18588 3.06058 2.19456 2.19456 35.2378
-14.9412 -9.28152 3.32137 1.51622 1.51622 28.1996
-12.8755 -9.32946 3.14726 1.53502 1.53502 18.3903
-11.7004 -9.18422 16.8291 -9.82782 -9.82782 14.1402
-0.448837 -9.31082 79.3927 -35.9066 -35.9066 274.225
1.02573 -8.27166 24.563 -12.4791 -12.4791 146.35
5.27558 -9.1974 10.7611 2.0424 2.0424 9.33079
6.68508 -9.27086 6.04397 -1.10041 -1.10041 27.6865
8.53253 -8.46566 3.92325 -2.67332 -2.67332 5.93317
10.929 -8.17104 4.14497 34.0089 34.0089 1034.54
13 -8.18707 3.19594 -1.66698 -1.66698 43.8409
14.9658 -8.19465 2.98879 0.600003 0.600003 27.4444
16.9269 -8.24986 2.94643 0.70439 0.70439 29.6884
18.9453 -8.2963 3.15435 1.66994 1.66994 31.9802
20.9293 -8.32963 2.81674 1.58168 1.58168 34.8982
22.9008 -8.3899 3.00166 1.37207 1.37207 46.5207
24.9112 -8.45268 3.01449 1.84997 1.84997 42.9188
26.98 -8.4544 3.89807 5.64078 5.64078 37.6174
28.8386 -8.53285 3.69786 2.45193 2.45193 42.7241
30.9961 -8.60954 2.9691 0.10564 0.10564 39.4326
32.7041 -8.74813 5.58444 84.8554 84.8554 4973.65
-45.1443 -6.6408 196.769 -3.75847 -3.75847 2.98159
-34.2653 -6.55456 110.621 25.9328 25.9328 9.33904
-32.7839 -6.86468 1.86299 -0.647482 -0.647482 4.13325
-31.8885 -6.54526 161.135 7.20854 7.20854 2.13669
-19.1305 -7.48872 61.3928 16.6302 16.6302 57.9189
-8.98588 -7.49208 161.256 -16.2073 -16.2073 284.453
12.4626 -7.66618 53.7168 1006.55 1006.55 24678
-45.1343 -4.80614 41.2286 4.4118 4.4118 5.11904
-38.839 -4.61302 164.251 74.7074 74.7074 37.752
-34.463 -5.28526 52.2526 -10.7291 -10.7291 22.8327
-32.8111 -4.6928 22.5432 17.862 17.862 17.0278
-12.0903 -3.92496 233.795 -28.8893 -28.8893 58.5859
-11.8684 -3.81998 156.703 -16.3385 -16.3385 142.375
17.1489 -4.16263 3.2487 -0.923357 -0.923357 22.1391
18.4279 -4.15526 14.83 -5.11193 -5.11193 25.8199
23.2795 -4.39044 7.24494 13.9616 13.9616 57.2347
25.2783 -4.42199 24.0017 64.2906 64.2906 235.189
37.6314 -4.73128 8.71709 -0.726047 -0.726047 5.77969
38.7693 -4.78408 4.80334 -0.504131 -0.504131 2.71771
43.0572 -4.34976 4.39038 1.09548 1.09548 4.45711
-50.4354 -2.05653 62.4907 93.2011 93.2011 179.58
-49.0046 -3.02327 93.4248 114.624 114.624 147.353
-41.148 -1.97197 8.42055 11.7943 11.7943 44.4151
-39.5721 -2.98605 210.862 124.111 124.111 78.961
-34.2314 -2.89603 73.4067 16.4627 16.4627 9.48513
-33.9598 -3.29672 586.806 -16.0589 -16.0589 14.002
-11.8604 -3.23565 155.118 -5.19193 -5.19193 14.6306
8.14534 -3.07536 671.673 -9.19853 -9.19853 544.193
73.6168 -2.49441 17.5696 -2.57633 -2.57633 2.65577
74.549 -3.01501 40.2339 -31.3298 -31.3298 35.8485
-50.9484 -0.738032 18.7606 17.1109 17.1109 18.6408
-42.6614 -0.56587 26.1963 21.4329 21.4329 22.0592
-41.9062 -1.4734 513.013 179.846 179.846 95.9145
-3.64578 -1.17642 125.284 15.2373 15.2373 54.8754
-19.1426 0.336427 0.00178088 0.436431 0.436431 129.645
-29.2296 0.521915 5.12052 9.22675 9.22675 135.09
-24.7498 1.44971 129.729 -7.73106 -7.73106 4.38795
-23.6932 1.41882 218.892 -9.56587 -9.56587 4.19988
-4.85695 1.98996 91.0935 -32.1618 -32.1618 69.2172
29.2622 1.87359 3.96906 1.78337 1.78337 13.6783
35.1787 1.82588 3.34339 2.33323 2.33323 84.394
68.3274 1.30027 23.024 8.42588 8.42588 7.42992
-24.7734 2.93066 24.2948 5.80357 5.80357 9.17468
-23.3941 3.05707 4.63637 -3.08621 -3.08621 9.4849
-20.8428 3.33061 4.69009 10.804 10.804 144.433
-18.9196 3.37043 4.95001 -7.11519 -7.11519 71.3916
-17.0315 3.41221 3.36678 -5.95055 -5.95055 97.1717
-14.9435 3.38253 2.98957 -0.441909 -0.441909 166.142
-13.2127 3.75829 37.4833 -7.8156 -7.8156 11.7308
1.34683 3.03117 985.469 180.52 180.52 507.574
4.26342 4.223 81.0404 46.1971 46.1971 407.592
29.1301 3.24227 3.25988 -1.12082 -1.12082 3.22745
-13.1546 5.27973 120.826 -1.34958 -1.34958 2.32376
2.60806 5.90873 43.8988 34.5694 34.5694 126.135
4.11129 4.42259 191.828 48.7713 48.7713 144.554
11.0608 6.16024 67.7362 8.16311 8.16311 144.829
15.3202 5.91358 4.67831 -2.25356 -2.25356 13.4682
16.5388 5.68211 7.76574 3.07995 3.07995 10.8961
29.4957 4.87547 13.2028 -5.79057 -5.79057 6.90923
30.9152 5.6126 4.41447 3.00168 3.00168 10.1628
32.5591 5.0116 9.82264 9.46409 9.46409 43.4852
-12.9603 7.26563 10.5554 -1.84183 -1.84183 3.40437
10.9774 6.6023 70.0871 34.0464 34.0464 37.9236
15.2674 6.8747 8.77753 -1.15924 -1.15924 5.55031
16.198 6.51048 93.7933 10.4746 10.4746 67.4854
29.074 7.59852 3.69403 -0.516791 -0.516791 5.09119
30.7345 7.10847 2.37895 -0.858518 -0.858518 4.24735
32.9097 7.33382 7.1766 -2.84092 -2.84092 6.36829
-12.9087 9.20413 10.1334 -0.553664 -0.553664 3.29683
29.5249 8.70538 7.54416 -2.62906 -2.62906 18.0763
-12.8602 11.2656 10.0109 -0.237639 -0.237639 2.98612
1.84901 12.2185 127.088 -133.99 -133.99 831.192
22.926 11.4552 3.9718 -2.44392 -2.44392 4.80276
24.4007 11.9668 13.9299 3.14128 3.14128 12.3413
32.5609 11.632 6.15768 -0.920509 -0.920509 9.03217
35.5234 11.4903 1352.73 601.243 601.243 273.648
-12.8131 13.2271 11.2201 -0.481318 -0.481318 2.93011
14.9561 13.4135 56.8454 20.7902 20.7902 22.1209
19.3743 13.2936 6.86058 3.40664 3.40664 4.95023
20.9072 13.1414 2.55259 -0.159076 -0.159076 5.14138
23.1179 13.392 2.32249 -0.812532 -0.812532 2.42793
24.3291 12.7403 124.394 26.1787 26.1787 8.0924
28.6093 12.5112 8.88492 20.7704 20.7704 243.679
36.1867 13.1271 1109.77 21.7139 21.7139 4.75035
-12.7833 15.1051 12.2087 -0.679837 -0.679837 2.63451
-11.2929 15.2409 5.94058 1.64225 1.64225 4.95527
-8.56052 15.5428 6.65213 -5.81059 -5.81059 15.7247
-7.50272 15.2302 10.2512 2.96158 2.96158 4.09257
-0.443535 15.9539 20.2964 -16.0041 -16.0041 58.3407
0.793306 15.1559 74.1778 54.5442 54.5442 45.6429
11.3018 15.3706 7.97059 7.16436 7.16436 9.26901
12.7437 15.215 4.01709 -3.2046 -3.2046 7.21835
29.4223 15.5799 17.9355 -31.9889 -31.9889 78.0402
31.0202 15.5756 6.49995 10.344 10.344 23.7022
32.7444 15.6234 2.42054 0.434387 0.434387 6.18906
43.6005 14.927 139.942 83.3018 83.3018 54.5538
-13.1319 16.8834 102.553 1.07942 1.07942 2.28826
-10.608 17.898 9.52839 5.68839 5.68839 10.7149
-0.489899 17.0571 20.054 -9.66925 -9.66925 41.2932
9.62495 17.522 59.0224 17.2767 17.2767 14.4276
10.2356 17.5543 16.8346 -1.40412 -1.40412 3.68812
13.3429 16.5647 8.01429 7.18372 7.18372 21.6572
20.9987 17.5599 4.54506 -0.367784 -0.367784 7.43937
23.1699 17.3936 3.192 0.995941 0.995941 3.016
24.4894 17.4363 2.9127 0.608252 0.608252 3.81737
27.0385 17.7096 3.0617 -0.542722 -0.542722 11.9126
-10.7367 18.7408 12.4602 0.148576 0.148576 6.15396
-9.44443 18.7766 84.4213 -52.1424 -52.1424 117.442
-5.21587 19.9372 11.4725 3.25583 3.25583 6.14932
-3.56375 19.6474 24.6574 -37.911 -37.911 69.0396
5.03486 19.811 9.17949 1.8896 1.8896 13.9846
9.93601 18.7401 12024.3 463.773 463.773 31.265
10.4634 18.9344 4.29603 -1.78239 -1.78239 8.94605
21.2642 18.8365 4.89003 0.542688 0.542688 19.9682
23.3752 18.7878 18.23 3.51545 3.51545 3.87341
-14.702 21.5112 5.15522 0.731231 0.731231 7.13576
-13.7804 20.8152 604.204 -172.586 -172.586 68.8393
-10.1675 21.2277 201.787 -12.7234 -12.7234 24.6194
-4.40838 20.4574 5.12841 0.609418 0.609418 76.8543
-2.86756 21.0167 2.99167 -2.79164 -2.79164 4.92864
-1.93228 21.4851 622.345 -22.3551 -22.3551 6.28395
5.42676 20.9958 6.07771 -0.82501 -0.82501 6.56163
7.14892 21.5628 3.3815 -2.83128 -2.83128 6.88622
8.49273 21.6731 10.6846 -2.70215 -2.70215 5.99442
13.4019 21.4918 4.41934 -0.0767873 -0.0767873 3.34457
14.8459 21.2877 3.84814 -1.17508 -1.17508 5.60129
16.3996 21.8553 56.4743 -46.501 -46.501 48.6923
28.8853 21.3388 19.6398 -21.7013 -21.7013 29.0287
7.52288 23.0607 13.0367 -0.584234 -0.584234 3.72409
8.61483 22.8833 4.66528 -2.60046 -2.60046 7.31792
-10.1893 25.4386 76.9674 -2.25486 -2.25486 6.24615
-4.9615 25.7542 2.12517 0.326463 0.326463 7.80486
-3.10501 25.4207 4.65586 0.423846 0.423846 4.41256
-1.67099 25.3776 29.7184 3.23454 3.23454 5.28403
7.18919 25.0615 2.90192 0.649466 0.649466 4.59378
-4.38364 26.7996 7.79577 -4.11262 -4.11262 25.0409
-2.88167 27.0853 3.4242 2.69115 2.69115 6.28604
-1.72058 26.5107 108.15 -149.694 -149.694 269.18
1.11751 31.7593 14.5119 0.178343 0.178343 4.61396
0.939467 32.7758 30.158 -23.8161 -23.8161 40.0061
7.28135 35.9642 599.176 1292.75 1292.75 2816.51
-18.9886 46.7604 208.516 -94.9049 -94.9049 56.1703
